Layer 1 and 2 :assortative
Layer 3 and 4 : disassortative

c=3, p=0.1
N= 300
E[0] = 1908  density= 2.127090
E[1] = 1881  density= 2.096990
E[2] = 1951  density= 2.175028
E[3] = 1896  density= 2.113712