Layer 1: assortative
Layer 2: disassortative
c=3,p=0.1
N= 300
E[0] = 1998  density= 2.227425
E[1] = 2008  density= 2.238573